HV00817 1.2765 00 39 16.6 -72 01 58 18.8079827246 0.0 0.0 0.0
HV00836 0.9733 00 55 53.76 -71 32 12.6 18.9391434342 0.0291332350956 -0.0574964124622 0.0435132305835
HV00837 1.6309 00 55 56.06 -71 59 02.9 18.9068057506 0.0213611076117 0.202685699659 0.031904779771
HV00840 1.5189 00 57 53.31 -72 24 46.4 18.8934145542 0.00437901019772 0.237237477533 0.00654045457505
HV00843 1.1677 00 58 30.90 -72 27 02.9 19.0520404818 0.0148332993376 0.529644334458 0.0221549131388
HV00847 1.4326 01 01 02.68 -72 11 54.4 18.990885166 0.00732105513253 0.280412864847 0.0109346791044
HV00854 1.2031 01 06 45.69 -73 16 23.3 18.9894415666 0.00590680931598 -0.0326377922981 0.00882235265982
HV00855 1.5179 01 07 17.54 -73 13 26.1 19.0735320268 0.0577014207026 0.286392373011 0.0861824527372
HV00856 1.0848 01 07 51.10 -71 31 16.7 19.1137834921 0.0301684706009 0.270245038788 0.0450594421644
HV00857 1.0786 01 07 45.47 -73 44 30.5 18.8994910181 0.0266807281388 -0.0318285751977 0.0398500933298
HV00863 1.4617 01 28 32.6 -73 47 48 18.6757066259 0.0606014973452 0.157132347542 0.0905140119253
HV00865 1.5228 01 40 32.2 -74 30 25 18.6863001841 0.013435534565 0.0651810934779 0.0200672098127
HV01326 1.1375 00 33 23.02 -73 23 05.3 19.1608734037 0.00938537666722 0.246618884318 0.0140179305324
HV01328 1.1997 00 32 54.90 -73 49 19.1 18.9686376111 0.0128464030346 -0.151084203084 0.0191873129026
HV01333 1.2120 00 36 03.46 -73 55 58.8 19.182022951 0.0390028209072 0.244840451595 0.058254324233
HV01334 0.9755 00 36 18.11 -73 46 24.9 18.9319140172 0.0238164139163 -0.00565788416605 0.0355715642984
HV01335 1.1578 00 36 55.70 -73 56 28.0 19.2026603456 0.0202706548384 0.148129093012 0.030276120344
HV01338 0.9292 00 38 16.97 -73 48 52.9 19.145188859 0.0187454165335 -0.0286194854709 0.0279980046468
HV01342 1.2539 00 39 33.82 -73 44 54.3 19.1489425423 0.0300375950387 -0.137907271908 0.0448639472567
HV01345 1.1296 00 40 38.61 -73 13 14.3 19.0530322941 0.00493878534972 0.222894067342 0.00737653599962
HV01351 1.1170 00 41 03.87 -73 31 39.8 19.1324212861 0.0247562941821 0.06841164025 0.0369758100433
HV01363 1.0286 00 41 57.28 -73 31 24.4 19.1015899216 0.0289727994159 0.297485518149 0.0432735725844
HV01365 1.0939 00 41 49.07 -73 43 42.3 19.2544860687 0.0444507966772 0.214169684289 0.0663913855692
HV01372 1.1979 00 43 12.35 -73 19 31.8 19.2552933297 0.0259063702927 0.63116354927 0.0386935737335
HV01373 1.1370 00 43 29.66 -73 00 09.2 19.0594688957 0.0626838919862 0.441163229067 0.0936242016676
HV01382 1.0367 00 43 47.31 -73 14 26.7 19.1085111992 0.00513947024667 0.363798015072 0.00767627874892
HV01400 0.8227 00 45 26.71 -72 27 11.3 18.8836302555 0.00876810556228 0.258330245343 0.013095977425
HV01430 1.3797 00 47 10.43 -72 57 37.9 19.1222565662 0.0189050216457 0.370164994076 0.0282364076901
HV01438 1.1351 00 47 55.65 -73 02 01.0 18.9772696978 0.0192052067655 0.373152623196 0.0286847702167
HV01442 1.1844 00 47 55.32 -73 18 36.9 19.0349940384 0.00677074567566 0.393202135534 0.0101127379204
HV01451 1.4782 00 48 24.27 -73 13 33.0 18.9653890834 0.0420551657263 0.47720910801 0.0628133068038
HV01478 1.2438 00 49 30.40 -73 19 06.0 19.2387253409 0.00708407788898 0.735006025227 0.0105807308135
HV01482 1.1993 00 49 44.60 -73 08 23.1 19.0317646734 0.00483934857311 0.44754611402 0.00722801689991
HV01501 1.4379 00 50 38.58 -72 57 33.3 19.0620408767 0.0712007646768 0.448407292257 0.106344976853
HV01522 1.3454 00 51 11.66 -73 11 29.9 19.0610702214 0.0309563674228 0.447282489719 0.0462362240597
HV01533 1.2158 00 51 39.32 -73 01 30.6 19.15770188 0.0174027520261 0.581307730834 0.0259926331264
HV01543 1.3108 00 51 49.15 -73 21 55.5 19.1376194111 0.0136063888164 0.46738752205 0.0203224041822
HV01553 1.0987 00 52 02.68 -73 13 39.3 19.0799188027 0.0026665651634 0.592544123261 0.00398276317238
HV01560 1.1906 00 52 34.53 -72 58 12.6 18.9885176876 0.0280831553728 0.388245975582 0.0419448081909
HV01610 1.0661 00 54 28.80 -72 24 39.2 18.9764214689 0.0289237450525 0.0123079298286 0.043200808859
HV01630 1.0569 00 54 58.17 -73 03 55.7 18.9646444376 0.0196866134434 0.141373483412 0.0294037863828
HV01682 1.0845 00 56 20.90 -73 23 13.9 19.0257077451 0.016433714195 -0.0182140670391 0.0245452198471
HV01689 0.8353 00 56 28.17 -72 26 29.1 18.6048684113 0.0170099062997 0.0574070539514 0.0254058530898
HV01695 1.1641 00 56 37.62 -72 17 09.1 18.9047565656 0.00348511427972 0.370210644617 0.00520534180602
HV01705 1.0317 00 56 52.81 -72 52 12.0 18.9938361973 0.0657743637994 0.464703662506 0.0982401270098
HV01744 1.1012 00 57 44.76 -72 16 24.9 18.9202223814 0.0143582402404 0.00361568425831 0.0214448211132
HV01783 0.9111 00 58 51.40 -71 54 21.5 18.9987899346 0.00767917517245 0.128020788771 0.0114695564616
HV01787 1.2093 00 59 05.46 -72 03 44.7 18.8730022968 0.000492347736265 0.178165941338 0.000735367908373
HV01835 1.2107 01 00 33.45 -72 47 21.3 18.9692259862 0.0315651290633 0.395908581384 0.0471454701123
HV01855 0.8350 01 00 59.56 -71 48 11.3 18.9453332776 0.0109200950564 0.21847830466 0.016310184951
HV01873 1.1119 01 01 47.13 -72 29 10.5 19.0480701927 0.0185941456087 0.263188010777 0.0277721013744
HV01877 1.6966 01 01 49.49 -72 05 45.4 18.8935935703 0.0450135106675 0.370545407442 0.0672318810446
HV01884 1.2579 01 01 57.90 -72 11 49.5 18.9329923568 0.0140072998744 0.399761207953 0.0209212065833
HV01925 1.2355 01 03 17.67 -72 33 04.6 18.8977405715 0.103491139035 -0.04137340352 0.154573811796
HV01950 0.9025 01 03 42.72 -71 52 24.8 18.8024974864 0.0623693957484 0.289045578906 0.0931544713384
HV01954 1.2225 01 04 00.31 -72 13 59.9 18.6752275489 0.0141463582956 0.0359229647578 0.0211289444727
HV01967 1.4636 01 04 24.72 -72 00 34.4 18.915375329 0.110534012499 0.0665141823831 0.165092748773
HV01996 1.1535 01 05 53.51 -72 50 41.2 19.1885364115 0.0212841439517 0.399911822791 0.0317898478019
HV02017 1.0573 01 06 18.01 -71 53 29.9 18.8739884853 0.0368855430461 0.110365868429 0.0550919770773
HV02052 1.0996 01 08 07.30 -73 03 27.0 18.7940109541 0.0167544674061 -0.130929347783 0.0250243666559
HV02060 1.0079 01 07 57.31 -72 16 53.7 18.6541098562 0.0199315635294 -0.1047930988 0.0297696393906
HV02063 1.0479 01 07 44.29 -71 47 26.5 18.862310057 0.0240754262639 0.204880837844 0.0359589151672
HV02064 1.5273 01 08 11.60 -72 31 18.3 19.0588227868 0.0395692671415 0.279084022787 0.0591003890666
HV02088 1.1638 01 08 28.90 -71 24 55.4 19.0656024735 0.0646696973986 0.226701945873 0.0965902276652
HV02103 0.9535 01 10 11.38 -73 10 36.6 18.9427207479 0.0186211509998 0.242471600004 0.0278124180351
HV02189 1.1294 01 13 27.72 -72 28 22.3 18.9336238611 0.0136295849536 0.169512214563 0.0203570611373
HV02195 1.6214 01 14 28.07 -72 39 53.6 18.8470744236 0.00730697761513 -0.020939946143 0.0109136357423
HV02201 1.0512 01 14 23.48 -71 57 45.3 18.7185543254 0.00579399324424 -0.0654096368199 0.00865387938609
HV02202 1.1203 01 15 18.82 -72 41 44.3 18.7705426425 0.0321618908303 0.161505949162 0.0480367457909
HV02205 1.4053 01 16 58.20 -73 43 10.6 18.9634821766 0.0830233112247 0.349593003768 0.12400303813
HV02209 1.3551 01 17 53.02 -73 37 25.2 18.7514862077 0.0549489385002 -0.134927179445 0.0820713717749
HV02225 1.1191 01 24 25.4 -74 16 50 18.86491499 0.0305017427391 0.422300016528 0.0455571953201
HV02227 1.0957 01 26 13.00 -74 08 04.1 18.8735216567 0.0329094213579 0.32210311396 0.0491532786659
HV02229 1.0191 01 27 04.38 -73 49 08.1 18.7416848378 0.0419197393204 -0.0287601546485 0.0626108764949
HV02230 1.0979 01 28 07.6 -72 48 52 18.7620150754 0.0237330402603 0.349217603958 0.0354475133453
HV02231 1.5646 01 30 25.5 -73 18 41 18.8731711364 0.00138438837953 0.403363434344 0.00206771357645
HV10355 1.0017 00 49 05.41 -73 04 11.4 19.1211535422 0.00851837408562 0.368521901942 0.012722988833
HV10366 1.1504 01 04 55.09 -74 12 29.0 18.8798150769 0.0467671432834 -0.122958232021 0.0698511260828
HV11112 0.8255 00 24 07.20 -73 56 26.3 19.0851554211 0.0154253524257 0.277656767362 0.0230392044946
HV11116 1.0206 00 45 03.56 -73 18 28.0 19.1693893863 0.0275972334467 0.487914792187 0.0412190345503
HV11129 1.3888 00 48 06.22 -72 52 26.2 19.186208923 0.00984400915774 0.720778443758 0.0147029463208
HV11182 1.5932 00 57 33.89 -72 04 13.1 19.0635257009 0.0407438254471 0.397412964489 0.0608546943703
HV11211 1.3302 02 20 49.5 -73 05 08 18.6546126277 0.0102059251472 0.293422622316 0.0152435135769
HV12108 1.1935 00 53 53.86 -72 27 08.3 18.923537539 0.00545774123067 0.137362854362 0.00815164783361
HV12951 1.4773 01 08 15.18 -72 30 11.5 19.0998209138 0.0342373051801 0.378740259073 0.0511365853687
