9.81916666667 -72.0327777778
11.7212083333 -72.7143888889
12.6200833333 -72.7525833333
13.4277083333 -72.2871111111
13.974 -71.5368333333
13.9835833333 -71.9841388889
14.472125 -72.4128888889
14.62875 -72.4508055556
15.2611666667 -72.1984444444
16.690375 -73.2731388889
16.8230833333 -73.2239166667
16.9629166667 -71.5213055556
16.9394583333 -73.7418055556
22.1358333333 -73.7966666667
25.1341666667 -74.5069444444
8.34591666667 -73.3848055556
8.22875 -73.8219722222
9.01441666667 -73.933
9.07545833333 -73.7735833333
9.23208333333 -73.9411111111
9.57070833333 -73.8146944444
9.89091666667 -73.7484166667
10.160875 -73.2206388889
10.266125 -73.5277222222
10.4886666667 -73.5234444444
10.4544583333 -73.7284166667
10.7404166667 -73.1208333333
10.8014583333 -73.3255
10.8735833333 -73.0025555556
10.947125 -73.24075
11.3612916667 -72.4531388889
11.7934583333 -72.9605277778
11.981875 -73.0336111111
11.9805 -73.31025
12.101125 -73.2258333333
12.3766666667 -73.3183333333
12.4358333333 -73.13975
12.66075 -72.95925
12.7985833333 -73.1916388889
12.9138333333 -73.0251666667
12.9547916667 -73.3654166667
13.0111666667 -73.2275833333
13.143875 -72.9701666667
13.62 -72.4108888889
13.742375 -73.0654722222
14.0870833333 -73.3871944444
14.117375 -72.4414166667
14.15675 -72.2858611111
14.2200416667 -72.87
14.4365 -72.2735833333
14.7141666667 -71.9059722222
14.77275 -72.0624166667
15.1458333333 -73.7827777778
15.139375 -72.78925
15.2481666667 -71.8031388889
15.446375 -72.48625
15.4562083333 -72.0959444444
15.49125 -72.1970833333
15.823625 -72.5512777778
15.928 -71.8735555556
16.0012916667 -72.2333055556
16.0645416667 -72.7556111111
16.103 -72.0095555556
16.4729583333 -72.8447777778
16.5750416667 -71.8916388889
17.0304166667 -73.0575
16.9887916667 -72.2815833333
16.9345416667 -71.7906944444
17.0483333333 -72.52175
17.1204166667 -71.4153888889
17.5474166667 -73.1768333333
18.3655 -72.4728611111
18.6169583333 -72.6648888889
18.5978333333 -71.9625833333
18.8284166667 -72.6956388889
19.2425 -73.7196111111
19.4709166667 -73.6236666667
21.1058333333 -74.2805555556
21.5541666667 -74.1344722222
21.76825 -73.8189166667
22.0316666667 -72.8144444444
22.60625 -73.3113888889
12.2725416667 -73.0698333333
16.2295416667 -74.2080555556
6.03 -73.9406388889
11.2648333333 -73.3077777778
12.0259166667 -72.8739444444
13.23675 -71.9175833333
14.3912083333 -72.0703055556
35.20625 -73.0855555556
13.4744166667 -72.4523055556
10.08875 -71.48
17.06325 -72.5031944444
